depth 1: (2,6)(1,3) 
 depth 2: (4,6)(1,2)(3,5) 
 depth 3: (3,6)(2,4) 
 depth 4: (4,5)(2,3) 
 depth 5: (3,4)(5,6)(1,2) 
 
depth 1: (2,6)(1,3) 
 depth 2: (4,6)(1,2)(3,5) 
 depth 3: (3,6)(2,4) 
 depth 4: (4,5)(2,3) 
 depth 5: (3,4)(5,6)(1,2) 
 
depth 1: (1,3)(2,4) 
 depth 2: (4,6)(1,2)(3,5) 
 depth 3: (3,6)(2,4) 
 depth 4: (4,5)(2,3) 
 depth 5: (3,4)(5,6)(1,2) 
 
depth 1: (2,6)(1,3) 
 depth 2: (4,6)(1,2)(3,5) 
 depth 3: (3,6)(2,4) 
 depth 4: (4,5)(2,3) 
 depth 5: (3,4)(5,6)(1,2) 
 
depth 1: (2,6)(1,3) 
 depth 2: (4,6)(1,2)(3,5) 
 depth 3: (3,6)(2,4) 
 depth 4: (4,5)(2,3) 
 depth 5: (3,4)(5,6)(1,2) 
 
depth 1: (2,6)(1,4) 
 depth 2: (4,6)(1,2) 
 depth 3: (1,5)(3,6)(2,4) 
 depth 4: (4,5)(2,3) 
 depth 5: (3,4)(5,6)(1,2) 
 
depth 1: (2,6)(1,3) 
 depth 2: (4,6)(1,2)(3,5) 
 depth 3: (3,6)(2,4) 
 depth 4: (4,5)(2,3) 
 depth 5: (3,4)(5,6)(1,2) 
 
depth 1: (2,6)(1,4) 
 depth 2: (4,6)(1,2) 
 depth 3: (1,5)(3,6)(2,4) 
 depth 4: (4,5)(2,3) 
 depth 5: (3,4)(5,6)(1,2) 
 
depth 1: (2,6)(1,4) 
 depth 2: (4,6)(1,2) 
 depth 3: (1,5)(3,6)(2,4) 
 depth 4: (4,5)(2,3) 
 depth 5: (3,4)(5,6)(1,2) 
 
depth 1: (1,3)(2,4) 
 depth 2: (4,6)(1,2)(3,5) 
 depth 3: (3,6)(2,4) 
 depth 4: (4,5)(2,3) 
 depth 5: (3,4)(5,6)(1,2) 
 
depth 1: (1,2)(10,14)(5,9)(12,15)(8,16) 
 depth 2: (13,16)(11,15)(4,6)(2,10)(1,5)(3,9) 
 depth 3: (10,13)(4,8)(2,6)(1,16)(11,14)(5,12) 
 depth 4: (2,13)(3,12)(6,10)(9,11)(7,14)(4,8)(1,5) 
 depth 5: (1,3)(2,8)(5,16)(4,9)(7,11)(13,15) 
 depth 6: (4,6)(3,12)(5,10)(2,13)(11,15)(7,8) 
 depth 7: (11,15)(1,10)(3,8) 
 depth 8: (8,16)(6,11)(3,5)(4,7)(1,2)(10,14) 
 depth 9: (8,14)(4,11)(5,9)(3,16)(12,13)(1,6) 
 depth 10: (1,12)(9,13)(5,11)(6,15)(3,14)(2,16) 
 depth 11: (5,15)(11,14)(3,4)(2,7) 
 
depth 1: (1,2)(10,14)(5,9)(12,15)(8,16) 
 depth 2: (13,16)(11,15)(4,6)(2,10)(7,9) 
 depth 3: (3,9)(10,13)(4,8)(2,6)(1,16)(11,14)(5,12) 
 depth 4: (2,13)(3,12)(6,10)(9,11)(7,14)(4,8)(1,5) 
 depth 5: (1,3)(2,8)(5,16)(4,9)(7,11)(13,15) 
 depth 6: (4,6)(3,12)(5,10)(2,13)(11,15)(7,8) 
 depth 7: (11,15)(1,10)(3,8) 
 depth 8: (8,16)(6,11)(3,5)(4,7)(1,2)(10,14) 
 depth 9: (8,14)(4,11)(5,9)(3,16)(12,13)(1,6) 
 depth 10: (1,12)(9,13)(5,11)(6,15)(3,14)(2,16) 
 depth 11: (5,15)(11,14)(3,4)(2,7) 
 
depth 1: (1,2)(10,14)(5,9)(12,15)(8,16) 
 depth 2: (13,16)(11,15)(4,6)(2,10)(1,5)(3,9) 
 depth 3: (10,13)(4,8)(2,6)(1,15)(11,14)(5,12) 
 depth 4: (2,13)(3,12)(6,10)(9,11)(7,14)(4,8)(1,5) 
 depth 5: (1,3)(2,8)(5,16)(4,9)(7,11)(13,15) 
 depth 6: (4,6)(3,12)(5,10)(2,13)(11,15)(7,8) 
 depth 7: (11,15)(1,10)(3,8) 
 depth 8: (8,16)(6,11)(3,5)(4,7)(1,2)(10,14) 
 depth 9: (8,14)(4,11)(5,9)(3,16)(12,13)(1,6) 
 depth 10: (1,12)(9,13)(5,11)(6,15)(3,14)(2,16) 
 depth 11: (5,15)(11,14)(3,4)(2,7) 
 
depth 1: (1,2)(10,14)(5,9)(12,15)(8,16) 
 depth 2: (13,16)(8,14)(4,6)(2,10)(1,5)(3,9) 
 depth 3: (10,13)(4,8)(2,6)(1,16)(11,14)(5,12) 
 depth 4: (2,13)(3,12)(6,10)(9,11)(7,14)(4,8)(1,5) 
 depth 5: (1,3)(2,8)(5,16)(4,9)(7,11)(13,15) 
 depth 6: (4,6)(3,12)(5,10)(2,13)(11,15)(7,8) 
 depth 7: (11,15)(1,10)(3,8) 
 depth 8: (8,16)(6,11)(3,5)(4,7)(1,2)(10,14) 
 depth 9: (8,14)(4,11)(5,9)(3,16)(12,13)(1,6) 
 depth 10: (1,12)(9,13)(5,11)(6,15)(3,14)(2,16) 
 depth 11: (5,15)(11,14)(3,4)(2,7) 
 
depth 1: (3,14)(4,16)(9,15)(2,7)(8,12) 
 depth 2: (13,16)(2,10)(12,15)(6,7)(9,11)(3,8)(1,14) 
 depth 3: (3,13)(2,6)(8,9)(11,14)(5,12) 
 depth 4: (2,13)(3,12)(6,10)(9,11)(7,14)(4,8)(1,5) 
 depth 5: (1,3)(2,8)(5,16)(4,9)(7,11)(13,15) 
 depth 6: (4,6)(3,12)(5,10)(2,13)(11,15)(7,8) 
 depth 7: (11,15)(1,10)(3,8) 
 depth 8: (8,16)(6,11)(3,5)(4,7)(1,2)(10,14) 
 depth 9: (8,14)(4,11)(5,9)(3,16)(12,13)(1,6) 
 depth 10: (1,12)(9,13)(5,11)(6,15)(3,14)(2,16) 
 depth 11: (5,15)(11,14)(3,4)(2,7) 
 
depth 1: (8,11)(10,14)(4,5)(15,16)(3,7)(1,2) 
 depth 2: (1,10)(8,12)(6,7)(9,11)(15,16) 
 depth 3: (10,13)(4,8)(2,6)(1,16)(11,14)(5,12) 
 depth 4: (2,13)(3,12)(6,10)(9,11)(7,14)(4,8)(1,5) 
 depth 5: (1,3)(2,8)(5,16)(4,9)(7,11)(13,15) 
 depth 6: (4,6)(3,12)(5,10)(2,13)(11,15)(7,8) 
 depth 7: (11,15)(1,10)(3,8) 
 depth 8: (8,16)(6,11)(3,5)(4,7)(1,2)(10,14) 
 depth 9: (8,14)(4,11)(5,9)(3,16)(12,13)(1,6) 
 depth 10: (1,12)(9,13)(5,11)(6,15)(3,14)(2,16) 
 depth 11: (5,15)(11,14)(3,4)(2,7) 
 
depth 1: (1,2)(10,14)(4,5)(15,16)(3,7) 
 depth 2: (13,16)(1,12)(3,14)(6,7)(9,11)(2,4) 
 depth 3: (10,13)(4,8)(2,6)(1,16)(7,11)(5,12) 
 depth 4: (2,13)(3,12)(6,10)(9,11)(7,14)(4,8)(1,5) 
 depth 5: (1,3)(2,8)(5,16)(4,9)(7,11)(13,15) 
 depth 6: (4,6)(3,12)(5,10)(2,13)(11,15)(7,8) 
 depth 7: (11,15)(1,10)(3,8) 
 depth 8: (8,16)(6,11)(3,5)(4,7)(1,2)(10,14) 
 depth 9: (8,14)(4,11)(5,9)(3,16)(12,13)(1,6) 
 depth 10: (1,12)(9,13)(5,11)(6,15)(3,14)(2,16) 
 depth 11: (5,15)(11,14)(3,4)(2,7) 
 
depth 1: (1,2)(10,14)(4,5)(15,16)(3,7) 
 depth 2: (13,16)(1,12)(3,14)(2,10)(9,11) 
 depth 3: (3,9)(10,13)(4,8)(2,6)(1,16)(11,14)(5,12) 
 depth 4: (2,13)(3,12)(6,10)(9,11)(7,14)(4,8)(1,5) 
 depth 5: (1,3)(2,8)(5,16)(4,9)(7,11)(13,15) 
 depth 6: (4,6)(3,12)(5,10)(2,13)(11,15)(7,8) 
 depth 7: (11,15)(1,10)(3,8) 
 depth 8: (8,16)(6,11)(3,5)(4,7)(1,2)(10,14) 
 depth 9: (8,14)(4,11)(5,9)(3,16)(12,13)(1,6) 
 depth 10: (1,12)(9,13)(5,11)(6,15)(3,14)(2,16) 
 depth 11: (5,15)(11,14)(3,4)(2,7) 
 
depth 1: (8,11)(10,14)(4,5)(15,16)(3,7)(1,2)(12,13) 
 depth 2: (3,14)(6,7)(9,11)(4,5)(10,13) 
 depth 3: (4,8)(2,6)(1,16)(11,14)(5,12) 
 depth 4: (2,13)(3,12)(6,10)(9,11)(7,14)(4,8)(1,5) 
 depth 5: (1,3)(2,8)(5,16)(4,9)(7,11)(13,15) 
 depth 6: (4,6)(3,12)(5,10)(2,13)(11,15)(7,8) 
 depth 7: (11,15)(1,10)(3,8) 
 depth 8: (8,16)(6,11)(3,5)(4,7)(1,2)(10,14) 
 depth 9: (8,14)(4,11)(5,9)(3,16)(12,13)(1,6) 
 depth 10: (1,12)(9,13)(5,11)(6,15)(3,14)(2,16) 
 depth 11: (5,15)(11,14)(3,4)(2,7) 
 
depth 1: (1,2)(10,14)(4,5)(15,16)(3,7) 
 depth 2: (13,16)(1,12)(3,14)(2,10)(9,11) 
 depth 3: (3,9)(7,10)(4,8)(2,6)(1,16)(11,14)(5,12) 
 depth 4: (2,13)(3,12)(6,10)(9,11)(7,14)(4,8)(1,5) 
 depth 5: (1,3)(2,8)(5,16)(4,9)(7,11)(13,15) 
 depth 6: (4,6)(3,12)(5,10)(2,13)(11,15)(7,8) 
 depth 7: (11,15)(1,10)(3,8) 
 depth 8: (8,16)(6,11)(3,5)(4,7)(1,2)(10,14) 
 depth 9: (8,14)(4,11)(5,9)(3,16)(12,13)(1,6) 
 depth 10: (1,12)(9,13)(5,11)(6,15)(3,14)(2,16) 
 depth 11: (5,15)(11,14)(3,4)(2,7) 
 
depth 1: (1,4)(3,5)(2,6) 
 depth 2: (2,4) 
 depth 3: (3,4)(5,6)(1,2) 
 depth 4: (4,5)(1,6)(2,3) 
 depth 5: (1,2)(5,6) 
 
depth 1: (2,6)(3,5)(1,4) 
 depth 2: (2,4) 
 depth 3: (3,4)(5,6)(1,2) 
 depth 4: (4,5)(1,6)(2,3) 
 depth 5: (1,2)(5,6) 
 
depth 1: (3,5)(1,4)(2,6) 
 depth 2: (2,4) 
 depth 3: (3,4)(5,6)(1,2) 
 depth 4: (4,5)(1,6)(2,3) 
 depth 5: (1,2)(5,6) 
 
depth 1: (3,5)(1,4)(2,6) 
 depth 2: (3,5)(2,4) 
 depth 3: (5,6)(1,2) 
 depth 4: (4,5)(1,6)(2,3) 
 depth 5: (1,2)(5,6) 
 
depth 1: (2,6)(1,5) 
 depth 2: (1,4)(3,5) 
 depth 3: (3,4)(5,6)(1,2) 
 depth 4: (4,5)(1,6)(2,3) 
 depth 5: (1,2)(5,6) 
 
depth 1: (2,6)(3,5)(1,4) 
 depth 2: (3,6)(1,5) 
 depth 3: (5,6)(1,2) 
 depth 4: (4,5)(1,6)(2,3) 
 depth 5: (1,2)(5,6) 
 
depth 1: (1,4)(3,5)(2,6) 
 depth 2: (3,4)(1,5) 
 depth 3: (5,6)(1,2) 
 depth 4: (4,5)(1,6)(2,3) 
 depth 5: (1,2)(5,6) 
 
depth 1: (1,5) 
 depth 2: (1,4)(2,6)(3,5) 
 depth 3: (3,4)(5,6)(1,2) 
 depth 4: (4,5)(1,6)(2,3) 
 depth 5: (1,2)(5,6) 
 
depth 1: (3,5)(1,4)(2,6) 
 depth 2: (1,5)(3,4) 
 depth 3: (5,6)(1,2) 
 depth 4: (4,5)(1,6)(2,3) 
 depth 5: (1,2)(5,6) 
 
depth 1: (1,3) 
 depth 2: (1,4)(2,6)(3,5) 
 depth 3: (3,4)(5,6)(1,2) 
 depth 4: (4,5)(1,6)(2,3) 
 depth 5: (1,2)(5,6) 
 
