depth 1: (1,9)(4,10)(3,16)(2,6)(13,15)(5,11) 
 depth 2: (9,16)(10,11)(2,3)(4,15)(12,13) 
 depth 3: (9,10)(1,4)(15,16)(2,5)(11,13)(6,8) 
 depth 4: (10,16)(3,15)(7,11)(4,12)(5,6) 
 depth 5: (3,4)(10,13)(2,6)(7,14)(11,16)(8,15) 
 depth 6: (6,14)(8,10)(1,2)(5,13)(15,16)(7,9)(4,12) 
 depth 7: (4,13)(11,12)(3,5)(10,14) 
 depth 8: (3,12)(8,11)(14,15)(1,16)(4,7) 
 depth 9: (1,5)(10,11)(8,12)(2,3) 
 depth 10: (2,10)(1,8)(7,15)(6,12) 
 depth 11: (12,15)(1,14)(2,11)(8,16)(3,13) 
 depth 12: (1,7)(4,15)(5,16)(10,11) 
 
depth 1: (1,9)(4,10)(3,16)(2,6)(13,15)(5,11) 
 depth 2: (9,16)(10,11)(2,3)(4,15)(12,13)(7,14) 
 depth 3: (1,4)(15,16)(2,5)(11,13)(6,8) 
 depth 4: (10,16)(3,15)(7,11)(4,12)(5,6) 
 depth 5: (3,4)(10,13)(2,6)(7,14)(11,16)(8,15) 
 depth 6: (6,14)(8,10)(1,2)(5,13)(15,16)(7,9)(4,12) 
 depth 7: (4,13)(11,12)(3,5)(10,14) 
 depth 8: (3,12)(8,11)(14,15)(1,16)(4,7) 
 depth 9: (1,5)(10,11)(8,12)(2,3) 
 depth 10: (2,10)(1,8)(7,15)(6,12) 
 depth 11: (12,15)(1,14)(2,11)(8,16)(3,13) 
 depth 12: (1,7)(4,15)(5,16)(10,11) 
 
depth 1: (1,9)(4,10)(3,16)(2,6)(13,15)(5,11) 
 depth 2: (9,16)(10,11)(2,3)(4,8)(12,13)(7,14) 
 depth 3: (1,4)(15,16)(2,5)(11,13)(6,8) 
 depth 4: (10,16)(3,15)(7,11)(4,12)(5,6) 
 depth 5: (3,4)(10,13)(2,6)(7,14)(11,16)(8,15) 
 depth 6: (6,14)(8,10)(1,2)(5,13)(15,16)(7,9)(4,12) 
 depth 7: (4,13)(11,12)(3,5)(10,14) 
 depth 8: (3,12)(8,11)(14,15)(1,16)(4,7) 
 depth 9: (1,5)(10,11)(8,12)(2,3) 
 depth 10: (2,10)(1,8)(7,15)(6,12) 
 depth 11: (12,15)(1,14)(2,11)(8,16)(3,13) 
 depth 12: (1,7)(4,15)(5,16)(10,11) 
 
depth 1: (1,9)(4,10)(3,16)(2,6)(13,15)(5,11) 
 depth 2: (9,16)(10,11)(2,3)(5,6)(12,13)(7,14)(1,4) 
 depth 3: (15,16)(2,5)(11,13)(6,8) 
 depth 4: (10,16)(3,15)(7,11)(4,12)(5,6) 
 depth 5: (3,4)(10,13)(2,6)(7,14)(11,16)(8,15) 
 depth 6: (6,14)(8,10)(1,2)(5,13)(15,16)(7,9)(4,12) 
 depth 7: (4,13)(11,12)(3,5)(10,14) 
 depth 8: (3,12)(8,11)(14,15)(1,16)(4,7) 
 depth 9: (1,5)(10,11)(8,12)(2,3) 
 depth 10: (2,10)(1,8)(7,15)(6,12) 
 depth 11: (12,15)(1,14)(2,11)(8,16)(3,13) 
 depth 12: (1,7)(4,15)(5,16)(10,11) 
 
depth 1: (1,9)(8,12)(3,16)(2,6)(13,15)(5,10) 
 depth 2: (9,16)(10,11)(2,3)(4,15)(12,13) 
 depth 3: (9,14)(1,4)(7,16)(2,5)(12,13)(6,8) 
 depth 4: (10,16)(3,15)(7,11)(4,12)(5,6) 
 depth 5: (3,4)(10,13)(2,6)(7,14)(11,16)(8,15) 
 depth 6: (6,14)(8,10)(1,2)(5,13)(15,16)(7,9)(4,12) 
 depth 7: (4,13)(11,12)(3,5)(10,14) 
 depth 8: (3,12)(8,11)(14,15)(1,16)(4,7) 
 depth 9: (1,5)(10,11)(8,12)(2,3) 
 depth 10: (2,10)(1,8)(7,15)(6,12) 
 depth 11: (12,15)(1,14)(2,11)(8,16)(3,13) 
 depth 12: (1,7)(4,15)(5,16)(10,11) 
 
depth 1: (1,9)(8,12)(3,16)(2,6)(13,15)(5,10) 
 depth 2: (9,16)(10,11)(2,3)(4,15)(12,13) 
 depth 3: (14,15)(1,4)(7,16)(2,5)(12,13)(6,8) 
 depth 4: (10,16)(3,15)(7,11)(4,12)(5,6) 
 depth 5: (3,4)(10,13)(2,6)(7,14)(11,16)(8,15) 
 depth 6: (6,14)(8,10)(1,2)(5,13)(15,16)(7,9)(4,12) 
 depth 7: (4,13)(11,12)(3,5)(10,14) 
 depth 8: (3,12)(8,11)(14,15)(1,16)(4,7) 
 depth 9: (1,5)(10,11)(8,12)(2,3) 
 depth 10: (2,10)(1,8)(7,15)(6,12) 
 depth 11: (12,15)(1,14)(2,11)(8,16)(3,13) 
 depth 12: (1,7)(4,15)(5,16)(10,11) 
 
depth 1: (1,9)(8,12)(3,16)(4,6)(13,15)(5,10) 
 depth 2: (9,16)(10,11)(2,3)(4,15)(12,13) 
 depth 3: (9,14)(1,4)(7,16)(2,5)(12,13)(6,8) 
 depth 4: (10,16)(3,15)(7,11)(4,12)(5,6) 
 depth 5: (3,4)(10,13)(2,6)(7,14)(11,16)(8,15) 
 depth 6: (6,14)(8,10)(1,2)(5,13)(15,16)(7,9)(4,12) 
 depth 7: (4,13)(11,12)(3,5)(10,14) 
 depth 8: (3,12)(8,11)(14,15)(1,16)(4,7) 
 depth 9: (1,5)(10,11)(8,12)(2,3) 
 depth 10: (2,10)(1,8)(7,15)(6,12) 
 depth 11: (12,15)(1,14)(2,11)(8,16)(3,13) 
 depth 12: (1,7)(4,15)(5,16)(10,11) 
 
depth 1: (1,9)(8,12)(3,16)(4,6)(13,15)(5,10) 
 depth 2: (9,16)(10,11)(2,3)(4,15)(12,13) 
 depth 3: (9,14)(1,4)(11,16)(2,5)(12,13)(6,8) 
 depth 4: (10,16)(3,15)(7,11)(4,12)(5,6) 
 depth 5: (3,4)(10,13)(2,6)(7,14)(11,16)(8,15) 
 depth 6: (6,14)(8,10)(1,2)(5,13)(15,16)(7,9)(4,12) 
 depth 7: (4,13)(11,12)(3,5)(10,14) 
 depth 8: (3,12)(8,11)(14,15)(1,16)(4,7) 
 depth 9: (1,5)(10,11)(8,12)(2,3) 
 depth 10: (2,10)(1,8)(7,15)(6,12) 
 depth 11: (12,15)(1,14)(2,11)(8,16)(3,13) 
 depth 12: (1,7)(4,15)(5,16)(10,11) 
 
depth 1: (1,9)(8,12)(3,16)(7,11)(13,15)(5,10) 
 depth 2: (9,16)(10,11)(2,3)(4,15)(12,13) 
 depth 3: (14,15)(1,4)(7,16)(2,5)(12,13)(6,8) 
 depth 4: (10,16)(3,15)(7,11)(4,12)(5,6) 
 depth 5: (3,4)(10,13)(2,6)(7,14)(11,16)(8,15) 
 depth 6: (6,14)(8,10)(1,2)(5,13)(15,16)(7,9)(4,12) 
 depth 7: (4,13)(11,12)(3,5)(10,14) 
 depth 8: (3,12)(8,11)(14,15)(1,16)(4,7) 
 depth 9: (1,5)(10,11)(8,12)(2,3) 
 depth 10: (2,10)(1,8)(7,15)(6,12) 
 depth 11: (12,15)(1,14)(2,11)(8,16)(3,13) 
 depth 12: (1,7)(4,15)(5,16)(10,11) 
 
depth 1: (1,9)(8,12)(3,16)(2,6)(4,7)(5,10) 
 depth 2: (9,16)(10,11)(2,3)(4,15)(12,13) 
 depth 3: (14,15)(1,4)(7,16)(2,5)(12,13)(6,8) 
 depth 4: (10,16)(3,15)(7,11)(4,12)(5,6) 
 depth 5: (3,4)(10,13)(2,6)(7,14)(11,16)(8,15) 
 depth 6: (6,14)(8,10)(1,2)(5,13)(15,16)(7,9)(4,12) 
 depth 7: (4,13)(11,12)(3,5)(10,14) 
 depth 8: (3,12)(8,11)(14,15)(1,16)(4,7) 
 depth 9: (1,5)(10,11)(8,12)(2,3) 
 depth 10: (2,10)(1,8)(7,15)(6,12) 
 depth 11: (12,15)(1,14)(2,11)(8,16)(3,13) 
 depth 12: (1,7)(4,15)(5,16)(10,11) 
 
depth 1: (10,14)(11,12)(3,8) 
 depth 2: (12,13)(1,9)(10,14)(8,16)(4,11)(3,5)(7,15) 
 depth 3: (9,16)(4,8)(2,3)(1,13) 
 depth 4: (9,14)(4,11)(3,15)(1,16)(6,13)(2,5)(8,10) 
 depth 5: (12,14)(3,9)(5,7)(6,10)(8,13)(1,16) 
 depth 6: (7,9)(1,13)(15,16)(5,14)(2,6)(10,11) 
 depth 7: (12,16)(13,14)(5,11)(1,9)(4,6) 
 depth 8: (12,16)(3,15)(4,11)(2,14)(9,10) 
 depth 9: (12,13)(6,10)(2,11)(4,16) 
 depth 10: (2,15)(1,16)(4,11)(6,9) 
 depth 11: (4,10)(2,6)(3,15)(1,16)(7,13)(8,14) 
 depth 12: (9,13)(11,15)(7,16)(2,6) 
 
depth 1: (10,14)(11,12)(3,8) 
 depth 2: (12,13)(1,9)(10,14)(8,16)(4,11)(3,5)(2,15) 
 depth 3: (9,16)(4,8)(2,3)(1,13) 
 depth 4: (9,14)(4,11)(3,15)(1,16)(6,13)(2,5)(8,10) 
 depth 5: (12,14)(3,9)(5,7)(6,10)(8,13)(1,16) 
 depth 6: (7,9)(1,13)(15,16)(5,14)(2,6)(10,11) 
 depth 7: (12,16)(13,14)(5,11)(1,9)(4,6) 
 depth 8: (12,16)(3,15)(4,11)(2,14)(9,10) 
 depth 9: (12,13)(6,10)(2,11)(4,16) 
 depth 10: (2,15)(1,16)(4,11)(6,9) 
 depth 11: (4,10)(2,6)(3,15)(1,16)(7,13)(8,14) 
 depth 12: (9,13)(11,15)(7,16)(2,6) 
 
depth 1: (12,16)(4,11)(2,5)(3,10)(1,6) 
 depth 2: (10,14)(8,16)(1,13)(2,5) 
 depth 3: (11,16)(4,8)(5,15)(2,3)(7,13)(9,14) 
 depth 4: (9,11)(3,15)(1,16)(6,13)(2,5)(8,10)(12,14) 
 depth 5: (3,9)(5,7)(6,10)(8,13)(1,16) 
 depth 6: (7,9)(1,13)(15,16)(5,14)(2,6)(10,11) 
 depth 7: (12,16)(13,14)(5,11)(1,9)(4,6) 
 depth 8: (12,16)(3,15)(4,11)(2,14)(9,10) 
 depth 9: (12,13)(6,10)(2,11)(4,16) 
 depth 10: (2,15)(1,16)(4,11)(6,9) 
 depth 11: (4,10)(2,6)(3,15)(1,16)(7,13)(8,14) 
 depth 12: (9,13)(11,15)(7,16)(2,6) 
 
depth 1: (4,14)(7,13)(6,12)(8,11)(3,10) 
 depth 2: (10,14)(1,8)(4,11)(3,5)(7,15) 
 depth 3: (11,16)(3,9)(6,12)(2,15) 
 depth 4: (9,14)(4,11)(3,15)(1,16)(6,13)(2,5)(8,10) 
 depth 5: (12,14)(3,9)(5,7)(6,10)(8,13)(1,16) 
 depth 6: (7,9)(1,13)(15,16)(5,14)(2,6)(10,11) 
 depth 7: (12,16)(13,14)(5,11)(1,9)(4,6) 
 depth 8: (12,16)(3,15)(4,11)(2,14)(9,10) 
 depth 9: (12,13)(6,10)(2,11)(4,16) 
 depth 10: (2,15)(1,16)(4,11)(6,9) 
 depth 11: (4,10)(2,6)(3,15)(1,16)(7,13)(8,14) 
 depth 12: (9,13)(11,15)(7,16)(2,6) 
 
depth 1: (2,5)(11,12)(3,8) 
 depth 2: (12,13)(1,9)(10,14)(8,16)(4,11)(3,5)(2,15) 
 depth 3: (9,16)(4,8)(2,3)(1,13) 
 depth 4: (9,14)(4,11)(3,15)(1,16)(6,13)(2,5)(8,10) 
 depth 5: (12,14)(3,9)(5,7)(6,10)(8,13)(1,16) 
 depth 6: (7,9)(1,13)(15,16)(5,14)(2,6)(10,11) 
 depth 7: (12,16)(13,14)(5,11)(1,9)(4,6) 
 depth 8: (12,16)(3,15)(4,11)(2,14)(9,10) 
 depth 9: (12,13)(6,10)(2,11)(4,16) 
 depth 10: (2,15)(1,16)(4,11)(6,9) 
 depth 11: (4,10)(2,6)(3,15)(1,16)(7,13)(8,14) 
 depth 12: (9,13)(11,15)(7,16)(2,6) 
 
depth 1: (12,16)(4,11)(2,5)(3,10)(1,6) 
 depth 2: (10,14)(8,16)(1,13)(2,4) 
 depth 3: (11,16)(4,8)(5,15)(2,3)(7,13)(9,14) 
 depth 4: (9,11)(3,15)(1,16)(6,13)(2,5)(8,10)(12,14) 
 depth 5: (3,9)(5,7)(6,10)(8,13)(1,16) 
 depth 6: (7,9)(1,13)(15,16)(5,14)(2,6)(10,11) 
 depth 7: (12,16)(13,14)(5,11)(1,9)(4,6) 
 depth 8: (12,16)(3,15)(4,11)(2,14)(9,10) 
 depth 9: (12,13)(6,10)(2,11)(4,16) 
 depth 10: (2,15)(1,16)(4,11)(6,9)(3,13) 
 depth 11: (2,8)(1,9)(3,11)(7,13) 
 depth 12: (8,14)(9,13)(11,15)(7,16)(2,6) 
 
depth 1: (4,14)(7,13)(6,12)(8,11)(5,15) 
 depth 2: (10,14)(1,8)(4,11)(3,5)(7,15) 
 depth 3: (11,16)(3,9)(6,12)(2,15) 
 depth 4: (9,14)(4,11)(3,15)(1,16)(6,13)(2,5)(8,10) 
 depth 5: (12,14)(3,9)(5,7)(6,10)(8,13)(1,16) 
 depth 6: (7,9)(1,13)(15,16)(5,14)(2,6)(10,11) 
 depth 7: (12,16)(13,14)(5,11)(1,9)(4,6) 
 depth 8: (12,16)(3,15)(4,11)(2,14)(9,10) 
 depth 9: (12,13)(6,10)(2,11)(4,16) 
 depth 10: (2,15)(1,16)(4,11)(6,9)(3,13) 
 depth 11: (2,8)(1,9)(3,11)(7,13) 
 depth 12: (8,14)(9,13)(11,15)(7,16)(2,6) 
 
depth 1: (12,16)(4,14)(2,5)(3,10)(1,6) 
 depth 2: (10,14)(8,16)(1,13)(2,5) 
 depth 3: (11,16)(4,8)(5,15)(2,3)(7,13)(9,14) 
 depth 4: (9,11)(3,15)(1,16)(6,13)(2,5)(8,10)(12,14) 
 depth 5: (3,9)(5,7)(6,10)(8,13)(1,16) 
 depth 6: (7,9)(1,13)(15,16)(5,14)(2,6)(10,11) 
 depth 7: (12,16)(13,14)(5,11)(1,9)(4,6) 
 depth 8: (12,16)(3,15)(4,11)(2,14)(9,10) 
 depth 9: (12,13)(6,10)(2,11)(4,16) 
 depth 10: (2,15)(1,16)(4,11)(6,9) 
 depth 11: (4,10)(2,6)(3,15)(1,16)(7,13)(8,14) 
 depth 12: (9,13)(11,15)(7,16)(2,6) 
 
depth 1: (4,14)(7,13)(6,12)(8,11)(3,10) 
 depth 2: (10,14)(1,8)(4,11)(5,16)(7,15) 
 depth 3: (11,16)(3,9)(6,12)(2,15) 
 depth 4: (9,14)(4,11)(3,15)(1,16)(6,13)(2,5)(8,10) 
 depth 5: (12,14)(3,9)(5,7)(6,10)(8,13)(1,16) 
 depth 6: (7,9)(1,13)(15,16)(5,14)(2,6)(10,11) 
 depth 7: (12,16)(13,14)(5,11)(1,9)(4,6) 
 depth 8: (12,16)(3,15)(4,11)(2,14)(9,10) 
 depth 9: (12,13)(6,10)(2,11)(4,16) 
 depth 10: (2,15)(1,16)(4,11)(6,9) 
 depth 11: (4,10)(2,6)(3,15)(1,16)(7,13)(8,14) 
 depth 12: (9,13)(11,15)(7,16)(2,6) 
 
depth 1: (12,16)(4,11)(2,5)(3,10)(1,6) 
 depth 2: (10,14)(8,16)(1,13)(2,5) 
 depth 3: (11,16)(4,8)(5,15)(2,3)(7,13)(9,14) 
 depth 4: (9,11)(3,15)(1,16)(6,13)(2,5)(8,10)(12,14) 
 depth 5: (3,9)(5,7)(6,10)(8,13)(1,16) 
 depth 6: (7,9)(1,13)(15,16)(5,14)(2,6)(10,11) 
 depth 7: (12,16)(13,14)(5,11)(1,9)(4,6) 
 depth 8: (12,16)(3,15)(4,11)(2,14)(9,10) 
 depth 9: (12,13)(6,10)(2,11)(4,16) 
 depth 10: (2,15)(1,16)(4,11)(6,9) 
 depth 11: (4,10)(2,6)(3,15)(1,16)(7,13)(8,14) 
 depth 12: (9,13)(11,15)(7,16)(2,6) 
 
